480.96774193548384
579.5
499.1875
405.7241379310345
445.54285714285714
431.5
583.5714285714286
584.5
484.5357142857143
536.1935483870968
430.25714285714287
536.2857142857143
519.7894736842105
484.7894736842105
517.2162162162163
564.551724137931
424.61538461538464
516.3142857142857
480.0869565217391
418.08
512.25
503.38461538461536
440.90909090909093
578.9285714285714
464.9130434782609
481.76
473.69565217391306
422.77777777777777
519.0666666666667
411.35714285714283
546.0277777777778
496.6
495.70588235294116
496.53125
485.16
462.42424242424244
477.4117647058824
528.0909090909091
489.20588235294116
430.45454545454544
406.7142857142857
468.78125
618.0
447.7647058823529
487.29411764705884
555.8275862068965
490.1666666666667
451.7878787878788
478.6
480.6875

618.0
405.7241379310345