146 689 380 -929 22 974 -237 -614 282 46 51 -869 -980 799 481 -849 -747 456 -33 84 -514 804 246 -989 857 798 178 -145 769 823 -138 -56 109 -777 -217 888 -409 -213 -840 710 947 497 27 818 822 -629 154 -218 151 -850 -359 272 -728 630
791 329 546 436 -700 308 -109 -101 -993 498 783 -358 929 834 -364 747 606 -156 -493 755 620 -85 -277 123 710 953 696 -228 -336 39 876 636 -178 -387 615 139 -302 611 -182 -711 674 861 -599 -906 927 -987 842 646 480 -330 174 -796 -40 -201 295 65
-569 111 -622 -889 900 -233 -722 517 879 -93 386 -395 301 -511 -335 626 466 628 647 725 431 -666 -741 65 -235 -90 -260 121 -149 -100 422 -241 762
-688 629 -219 474 69 160 -572 729 -205 57 -382 44 -972 -62 189 40 599 745 -830 -365 -80 520 569 100 -66 889 57 139 -735 -476 -48 505 -633 173 182 -165 572 215 -554 740 -679 378 855 198 -233 -302 -444 -282 -275 189 -734 929 821 -158
186 -530 -651 -357 72 -308 -586 -294 -984 209 745 540 -741 -932 199 321 -17 833 513 538 34 -383 -321 -650 -623 -942 -558 830 796 -256 265 -571 777 663 -17 -733 111 -8 -608 -992 -95 956 -217 509 387 -250 -313 -103 -581 230 736 420 774 327 -367 87 854 193 764 -956 -979 431 15 725 -436 -203 -606 26 348 180 -217
-379 320 372 494 -81 -51 932 -541 -301 454 -829 624 431 25 456 776 -906 643 -341 439 -737 72 -619 436 -432 -933 -908 -630 240 190 -508 -910 -703 -674
361 577 -527 512 -797 663 37 -112 774 -546 972 -544 -82 549 26 658 796 -678 -483 777 934 -562 -348 -592 534
946 -614 -269 -240 744 -475 678 958 40 352 -323 -357 867 -822 -438 815 671 116 -233 945 -618 689 521 499 -35 -4 -455 708 968 -953 -15 514 -142 161 -470 258 -639 -875 -689 198 542 -437 -74 669 -74 -390 -72
541 -669 879 871 267 494 -172 -845 263 -914 -93 863 404 11 941 22 -398 -693 -225 -515 547 160 -428 -928 -595 900 -252 874 456 -944 238 182 -503 85 -785 410 897 650 921 -85 283 294 623 36 -759 455
211 -299 -73 -483 -264 857 743 -517 -886 433 920 -526 -918 -480 188 -163 117 -675 -907 -294 454 -17 471 -191 -574 185 745 883 -24 489 -319 527 349 -898 -699 -423 134 -77 545 -701 -187 530 -637 840 -138 -546 952 985 -280 452 659 329 -412 -164 -756 808 -667 -422 651 347 -794 299 -407 -213 691 -305 -183 -697 121 -460 707 -925
273 -614 -556 188 826 209 -962 -330 462 267 892 83 -512 -568 -801 118 117 -450 -964 -705 -605 -592 -625 -86 363 407 -940 -640 -771 605 866 551 -600 -889 -823 53 -22 -604 -578 451 610 308 845 -935 216 -878 400 -280 -834 132 -871 -627 -445 872 626 320 -490 -704 948 -35 -168 -561 543 351 -262 473 -75 368 -358 265 673 373 5 -525
4 367 48 548 -678 -511 -338 798 488 -629 -521 -983 973 -329 133 -183 914 586 -262 105 -836 828 906 -237 -361 810 -346
142 35 158 -660 678 813 895 555 957 335 -610 -616 -759 -598 142 -923 -832 -677 157 681 163 739 -834 -985 -41 -191 -591 -31 892 704 911 -967 -743 -849 -296 913 -895 6
-807 -241 275 271 -625 -738 861 658 -807 172 212 -619 775 87 684 996 -989 476 663 107 977 328 -328 153 642 -998 393 481 -78
102 512 463 381 918 -384 -457 -662 -449 -600 -354 -872 -835 254 282 -845 -906 -462 503 -276 -798 -592 -763 393 -3 -699 148 902 538 -905 -726 -269 952 727 957 592 590 -831 -838 556 -589 560 108 -149 188 770 96 522 882 684 544 233 -475 -535 765 61 892 198 638 -19 864 815 90 -29 -601 -712 457 -594 -462
782 680 -226 786 -402 -218 -570 687 227 639 -434 907 -114 -165 54 669 58 846 -254 -645 -525 731 -443 906 989 633 729 -861 116 -990 -569 259 375 -70 -415 198 780 -15 -949 770 380 -788 431 410 -873 -227 -731 -767 -98 679 946 489 -63 216
-196 -400 -872 -186 -567 -353 -70 15 908 -839 -345 -221 -567 351 213 -367 38 447 -353 219 908 550 241 -128 -566 -556 -949 703 -138 386 541
-215 414 -823 693 353 680 8 -750 -414 599 389 763 -826 324 935 296 -216 -470 34 -881 824 -524 757 768 -171 700 915 -565 -953 -690 -408 722 545 705 308 396 986 147 626 154 131 -801 389 -106 -921 512 481 859 582 547 355 -958 174 -559
-425 204 797 -979 -848 -543 -836 -562 729 -383 589 -135 -417 -948 -645 -722 158 356 -649 194 -403 214 890 -918 -325 -930 -711 371 640 -812 -97 -687 549 -384 -118 -98 414 361 436 182 -688 -236 580 -878 706 -912 -769 -317 -672 620 359 687 939 -87 -193 -73 67
442 93 -464 -526 -946 151 443 -701 294 -526 -268 589 51 92 168 -443 -451 359 -916 -887 980 -813 670 -462 589 905 503 165 334 -37 691 214 931 341 -171 823 -799 313 -333 56 255
-370 970 -899 -618 -997 -279 235 -613 6 370 -450 547 997 -505 -446 -713 -105 -720 669 286 227 -752 -68 806 -728 197 837
329 -700 222 -27 -291 817 -4 294 502 -719 746 -676 -19 -872 -702 582 308 839 812 675 102 -538 689 -969 -329 -999 920 193 -330 -721 -439 -791 -859 -210 -903 -30 -607 325 505 -472 -76 -523 -858 178 249 -38 -475 860 789 903 -376 -174 63 275 94 817 -534 -767 -150 -186 -354 -372 -72 -770
458 468 975 -897 653 110 -584 -273 832 -950 394 -721 960 160 482 890 -654 -392 -182 400 571 344 790 116 -843 -488 636 -526 -778 238 260 227 -127 -97 101 306 255 145 -454 42 -576 473 20 596 -810 748 32 -957 950 -242 189 729
-106 151 972 -794 510 -792 837 676 908 948 -634 -172 489 269 -95 218 -238 -606 -503 -347 -343 774 -399 622 701 30
-160 -567 136 -939 -59 590 -614 164 631 -518 934 -584 -925 313 -867 -378 446 787 373 264 -352 247 -341 -137 -596 309 -674 993 775 623 -791 142 -348 -784 -803 113 -269 -505 570 -532 267 815 863 3 335 -790
-444 -348 -99 -649 -650 -973 -813 166 636 -112 805 -518 -165 -851 134 -205 -193 -434 104 175 804 702 -641 -419 152 -518 -568 309 -98 316 393 -299 -593 923 -34 -416 -65 800 -351 45 -358 597 437 -545 -542 -396 -811 -454 783 -117 -206 -463 432 -63 -639 -18 630 -372 106 -876 991 -412 124 -307 732 -130 748 -644
869 403 -499 709 -366 323 -416 20 994 -35 -620 875 342 759 337 245 603 -216 -369 45 -285 -72 -124 27 -972 117 81 -823 -122 -184 -528 752 152 -446 528 -982 437 555 732 990 -165
-585 -329 532 -833 -382 577 -43 -154 306 537 -311 -783 -932 -622 -464 -292 -411 -932 280 794 260 335 -451 -805 -362 184
-486 -439 -548 -958 682 199 -212 72 -679 -72 476 -730 -169 835 815 -983 823 -936 531 730 -118 463 119 826 -926 -97 673 -527 -692 -863 -488 -458 400 142
-262 399 424 -134 73 84 103 -145 -55 -346 -991 -93 320 -84 970 -527 -738 -282 219 445 98 718 288 -561 245 267 -751 305 -749 423 -167 762 -334 -566 -582 -99 -519 -234 711 620 -555 582 556 -261 699 226 341 536 -127 -356 554 -687 -167 457 -752 -924 93
438 762 -528 -670 504 -31 -617 488 610 -181 678 587 587 -851 -800 -161 -126 320 -410 -995 971 82 -111 594 834 191 258 -406 20 -721 -726 954 733 692 -202 -295 455 65 871 155 -354 -633 -139 -932 -277 -699 -537 -909 664 -691 677 -387 -577 -428 234 232 723 -374 948 -535 -17 417 267 610 847 899 -285 -911 449 841 -223
502 -173 -706 -178 431 376 -425 571 -8 -737 -567 306 -415 -314 -270 375 312 -492 -421 474 318 717 563 -430 373 -262 -860 728 -480 781 -984 644 296 -240 848 719 -228 98 500 -714 -810
796 -823 229 567 -633 -834 371 -734 -609 181 -975 -357 898 897 -915 35 -863 -417 -989 -776 750 112 910 394 41 -482 817 612 -612 -260 650 167 -165
-809 -849 -565 -348 -537 -53 826 592 -373 288 -854 -302 -366 -416 -272 460 10 545 -351 467 726 664 -420 -529 309 308 -111 -204 990 679 -24 -301 -167 561 -538 953 -780 537 -837 899 159 -26 478 55 -333 417 583 24 11 148 -289 -824 719 -444 -964 664 -154 -829 230 -629 781 -11 80 833 -397 -12 -781 893
6 133 -672 -370 -12 339 -671 -694 835 612 712 -234 -795 -889 810 -940 863 149 -43 684 833 -378 -324 -387 -29 629 -163 315 -138 -95 135 -731 -382 52 766 369 418 -539 378 -358 426 455 296 -54 -852 -900 817 338 -557 759 -676 -126
508 763 841 -639 -34 735 642 -620 -573 -439 356 226 178 -375 256 272 -94 -805 -679 -397 539 -832 -543 314 597 -870 -282 -345 469 -208 -49 327 264 998 92 806 30 -389 525 84 430 -320 -506 49 262 -904 506 -59 -597 428 405 692 -646 3 -307 765 939 -277 -317 -216 959 -935
-789 246 714 -784 570 258 -759 -912 -489 768 36 -991 978 -309 643 486 -163 -475 -291 636 756 -279 135 392 263 -495 678 130 -292 -1000 427
773 823 142 262 792 882 184 -275 -174 98 -29 527 665 214 466 761 -877 -822 -711 -564 -401 444 809 624 -756 -92 813 -297 303 480 -602 852 -300 365 -845 -902 339 -781 -306 -470 -836
-269 614 688 -857 812 -75 -80 -687 206 4 18 -495 -549 -530 -827 413 697 595 380 797 68 -59 568 379 -117 -47 244 -875 866 67 979 448 -680 283 248 -204 -191 507 -513 683 -158 928 -357 -569 -667 853 999 -997 440 613 321 -216 -961 -675 -495 -368 -873 -576 -574 422 415 -719 490 47 -14 -156 541 -244 -243 -599
641 -453 755 595 -895 -747 320 370 -901 13 -248 -801 -505 -583 -329 -590 308 -327 -565 586 -942 -514 857 -800 564 -884 -149 421 -144 586 97 -296 749 -59 -460 981 25 -919 537 -514 -386 88 90 -673 -660 -440 71 -776 727 -285 89 -92
-443 -789 677 -51 136 -647 671 283 556 768 -521 374 -269 94 -132 -303 497 265 600 514 -416 431 574 16 461 -921 -319 -40 -928 189 134 -907 968 -438 -920 -576 321 12
-895 -995 586 250 236 635 -743 -864 -368 -808 673 920 32 -77 -159 483 192 -305 938 -926 -574 144 854 -568 -261 756 33 -793 -632 513 605 -639 -784 -325 -560 720 -103 322 -460 425 -439 581 199 455 443 521 -936 323 218 471 549 -857 674 287 -826 193 770 -340
997 476 265 -30 -95 -467 956 652 -921 -476 945 849 864 838 629 -984 -977 122 393 401 824 652 -201 -411 -973 -687 360 -646 -864 -756 590 311 -351 -196 -637
-235 -872 -291 160 604 -536 922 -843 -806 -282 -345 826 -324 -316 -940 529 969 -683 -759 -245 104 358 -762 -853 -276 628 344 403 127 602 299 -123 323 -886 548 -562 372 -433 -351 -603 880 -582 367 -854 26 275 -221 82 889 -22 44 907 120 900 -400 -756 -862 -591 -899 492 268 -96 -737 103 266 888 -894 -786 223 -194 376 -167
797 -609 -772 -778 450 823 -808 149 949 270 -148 -816 432 37 216 355 -919 609 893 65 -821 458 -849 -815 623 409 749 -415
-219 -932 -747 331 298 49 192 -68 -636 387 -674 338 871 732 537 -231 304 -654 -706 -620 947 875 655 -934 585 767 333 -784 -200 784 909 927 448 -405 -146 647 912 614 -422 359 -404 22 822 173 -195 590 711
-890 -203 757 -53 -776 -477 688 -714 274 122 -427 904 -947 307 -9 849 -877 191 980 619 -91 398 -79 36 -642 -252 85 202 276 -72 581 828 -224 726
-68 -809 854 183 523 425 998 -881 -678 62 -227 832 155 -759 342 568 358 -744 536 -762 -576 -301 744 -485 -397 65 730 -33 -561 311 -84 -605 -610 615 -966 201 433 685 -914 95 -787 -26 -402 -964 657 -81 -348 789 -828 226 441 -383 -220 895 -340 399 -246 -658 -826 60 76 -802 109 -191 906 -12 -860 -660 3 -270 -115 633
167 -98 -862 -93 462 958 -113 89 -572 626 444 662 140 -702 444 223 900 454 -485 508 624 51 233 -90 658 181 894 -41 854
491 -4 -829 -997 -232 809 434 142 -643 343 -706 -803 -963 644 -930 -340 635 -199 -575 -824 347 -526 787 -701 -381 -860 -192 749 109 75 357 197 -637 -368 -726 817 -332 755