949 N/A 352 281 N/A -214 -504 -107 -487 N/A 124 -464 540 -189 N/A -113 N/A 851 N/A -944 N/A 303 790 61 -863 57 875 -508 N/A -585 -564 756
-928 -527 -876 N/A 16 922 146 -209 -30 502 729 48 -530 827 562 -580 -619 -776 -478 N/A 202 N/A 865 718 -335 -157 -628 N/A 747 414 N/A -195 366 -521 674 N/A 370 N/A 728 909 -919 -889 193 -784 N/A 104 -189 N/A -216 N/A 938 748 N/A 291 N/A -865 N/A -83 396 -928 N/A -165 N/A -356 -131 N/A -879
413 N/A -654 -127 -112 -775 -435 945 N/A 283 277 N/A 107 719 -223 N/A -404 -651 N/A 354 -79 -52 N/A -101 -444 N/A 415 674 N/A 761 -419 N/A 726 839 -956 N/A 151 -381 378 296 N/A -329 507 418 -209 -845 257
-514 -131 -847 -953 896 175 666 N/A 555 N/A -162 -85 -388 -407 -45 N/A 244 813 81 N/A -131 309 N/A -890 -404 N/A 796 N/A -538 850 -980 -129 N/A -141 -646 284 72 -146 N/A -929 -274 N/A 803 -903 N/A 569 N/A -48 884 N/A 707 N/A 546 184 -566 -108 753 -40 -433 564 -634 N/A -451
-231 213 N/A -371 989 N/A -6 727 464 N/A -978 495 725 709 470 -70 -757 -787 -538 -968 -606 507 361 N/A -59 736 635 N/A -488 N/A -17 -796 N/A -413 N/A 351 614 N/A 144 N/A -392 356 -644 -983 613 150 -551 N/A 155 N/A 490 -741 -316 -806 -244 N/A -308 170 N/A -423 N/A -11 841
254 471 511 N/A -908 375 1 -777 N/A 530 -853 392 -437 N/A -32 N/A -344 N/A -534 380 -337 -651 N/A 715 -43 N/A -698 -511 -735 N/A 951 N/A 447 887 -2 N/A 853 141 409 -778 -989 347
-180 N/A 824 N/A 657 691 -599 N/A 82 -508 -77 765 N/A 882 -155 215 52 467 58 N/A 98 -435 N/A -142 -546 232 N/A 662
-703 -12 N/A 581 379 235 N/A 706 288 134 638 N/A 204 -92 N/A -773 N/A -907 -101 -802 N/A 294 N/A -926 -216 111 359 -702 -621 -18 482 N/A 86 541 N/A -860 N/A 657 -685 -939 945 N/A 550 367 N/A -817 N/A 18 710 -713 108 555 466 -15 N/A -939 179 -229
617 -985 328 -326 685 N/A -861 N/A 60 N/A 817 N/A -345 N/A -793 -267 -583 -457 -367 -990 313 676 N/A 358 -527 N/A 204 828 -548 790 N/A -835 N/A -524 311 430 -285 N/A -715 210 -963 747 307 -778 816 N/A 526 313 645 N/A -132 369 N/A 729 700 N/A -951 N/A -977 18 -269
551 -153 456 92 N/A 559 N/A 203 -56 628 -849 -237 N/A 257 93 845 -650 440 N/A -325 -188 -946 -774 20 897 N/A -911 -554 -602 757 N/A 408 N/A 525 558 188 -291 -806 N/A -525 N/A 643 N/A 215 484 -332 113 85 N/A 760 N/A 375 -762 -843 173 N/A -703 -619 -673 968 456 394 N/A -541 N/A 136 N/A -341 -601 -500 N/A 207 N/A -805 -906
514 -722 N/A -811 N/A 417 N/A 313 -9 -491 25 -823 -499 N/A 715 N/A -329 N/A -523 628 211 -440 561 -751 55 531
-141 211 N/A -815 689 -843 -47 -154 N/A -324 547 N/A -358 N/A -765 -347 -134 N/A 815 -881 -64 816 661 N/A -765 -314 -91 787 356 192 678 N/A -317 N/A 230 -946 -233 N/A 325
643 -626 403 -198 -249 N/A -798 N/A 447 694 329 517 9 N/A 472 N/A 199 315 452 N/A -694 499 N/A 454 353 N/A 455 903 -873 518 N/A -852 46 N/A 855 408 925 -429 -503 N/A 535 N/A -730 -716 -583 -624 N/A -718 -711 447 -147
553 720 56 -841 N/A -630 306 N/A 521 -854 N/A -151 -139 N/A 666 -454 -812 -268 164 N/A 705 -800 743 606 525 N/A -439 N/A -468 480 N/A 891 968 -996 -640 N/A -792 453 -209 N/A -948 -354 395 -876 -642 353 -976 N/A -115 -169 481 N/A 456 -925 N/A 582 24 N/A 783
83 -80 -394 N/A -24 N/A -222 N/A 12 145 -851 -334 N/A -613 138 650 N/A -429 -843 574 358 731 -818 -329 N/A -276 -799 100 -819 N/A -413
-589 278 N/A -732 -673 269 95 -780 -259 317 N/A -241 430 N/A 19 949 -348 215 523 N/A 618 N/A 452 931 N/A 55
243 -202 443 516 N/A 850 217 -406 -113 N/A -665 84 N/A 437 N/A 292 855 682 -957 N/A 22 -90 N/A 71 869 845 N/A -971 N/A -410 -405 237 -478 -312 N/A 519 76 20 -683 N/A 877 566 827 -597 -332 668 546 795 N/A 767 477 N/A -86 11 -484 N/A 791 994 N/A -325 N/A 554 93 N/A 887
-982 N/A 698 -338 N/A 667 172 -112 N/A -769 -936 407 474 763 -870 N/A 202 778 986 N/A -838 N/A 443 108 N/A -93 -898 -75 -235 N/A -427 922
-290 -294 457 N/A 830 -818 N/A 550 -949 -752 809 -312 414 -360 899 34 N/A 919 -682 N/A -764 853 N/A 464 N/A 658 N/A 862 726 771 567 N/A -943 -893 N/A -916 N/A -678 761 N/A -519 N/A -21 -202 -127 359 N/A 820 854 791 483 999 238 -169 N/A -600 -173 344 9 69 N/A -770
-479 -337 -272 707 N/A -28 159 N/A 958 N/A -812 N/A -573 686 -628 -860 N/A -443 -836 757 795 N/A 977 226 926 -595 N/A 848 -335 N/A 184 -252 -365 275 100 -332 N/A -422 953 N/A -923 -653 739
709 844 -292 503 N/A 330 -330 -42 253 352 N/A -281 700 N/A -70 -311 -882 -856 N/A 447 N/A 654 N/A -594 -348 -187
185 381 N/A 453 N/A 19 N/A 200 888 N/A 546 N/A 235 -97 N/A -492 546 N/A 483 -512 744 172 -888 -15 -710 N/A -365 566 470 N/A -794 N/A 966 -849 N/A 923 -812 N/A -103 -331 -785 -9 479 N/A -65 143 534 -601 276 455 114 -137 N/A -607 -998 499 N/A 119 N/A -639 70 -813 432 720
463 N/A 776 N/A 779 505 -774 -946 -628 542 -130 -2 N/A -307 -325 810 -393 -479 N/A -88 N/A 36 N/A -956 616
-108 -632 606 -113 N/A -855 N/A -965 -76 -566 962 N/A 111 N/A -371 N/A -304 35 N/A 11 -440 N/A -639 -38 422 102 -684 -489 N/A 995 -230 179 N/A -19 N/A -591 848 -138 -151 -173 278 385 -716 444 286 N/A 678 N/A 971 -41
-668 -434 N/A -194 -13 493 962 -692 -805 N/A -727 -113 848 -573 -486 139 N/A -231 N/A 272 -205 N/A 380 N/A 279 -816 N/A 543 -586 310 45
266 N/A -216 N/A -563 -250 N/A -448 N/A 1 289 N/A -169 74 536 N/A -611 -280 874 -437 N/A 897 75 N/A 86 N/A -207 -400 -836 -387 22 -340 -832 881 -913 79 874 -856 -958 N/A 161 -659
906 -327 N/A -226 N/A 955 N/A 221 N/A 263 -240 -682 N/A -682 792 N/A 937 222 -206 944 N/A 601 308 681 769 946 -236 727 706
617 -83 N/A 820 91 -803 -976 599 302 -880 N/A 505 N/A -643 -977 -964 N/A -403 N/A 734 752 580 N/A 891 480 934 N/A -361 N/A -586 347 N/A 963 N/A 53 -71 443 N/A -355 -964 -824 309 N/A 241 N/A -46 814 141 -223 -721 -911 223 N/A -982 -693 386 520 N/A 434 -97 957 N/A 173 -279 -802 -113
49 223 N/A 463 N/A 405 N/A -275 944 N/A 658 -558 -497 N/A 357 -932 N/A -872 -445 -899 415 -425 -114 -446 -666 -19 234 542 N/A -741 394 -693 789 N/A -478 N/A -8 730 305 -89 N/A -800 396
815 -652 -903 530 N/A -391 120 -22 7 N/A -642 -241 -905 -256 N/A 735 523 N/A 410 N/A 515 51 N/A -929 N/A -420 N/A 430 -171 -449 N/A 598 -721 67 513 552 385
-849 N/A -956 -749 N/A -250 N/A -134 N/A -344 N/A 910 N/A -37 N/A -276 -171 -238 -213 128 N/A -702 -450 N/A -517 -872 404 291 -518 -307 -507 N/A -54 88 -560 131 N/A 88 -387 -639 -911 774 -901 N/A 443 321 284 -479 -879 -21 N/A -867 775 -174 -472 958 -553 392 547 N/A 249 -172 N/A -58 N/A 305 409
-746 N/A -986 702 -729 N/A 941 809 -328 N/A 933 461 800 N/A -489 -835 N/A 994 319 N/A -694 -255 N/A -664 -95 806 -118 129 978
28 838 N/A -439 N/A -933 -313 -256 N/A -979 -43 N/A -624 N/A -881 -699 -719 236 N/A 199 -392 N/A -756 N/A 920 242 -439 -678 N/A 571 N/A 966 N/A 49 -344 567 519 -991 -119 -52 N/A -891 -967 N/A -906 -679 -988 47 -902 -669 -77 17 N/A -984 -719 N/A 466 -341 -376 542 -118
174 -355 N/A 830 N/A -713 -974 -101 N/A -889 -222 N/A 401 -65 N/A 136 670 N/A -67 630 -18 912 N/A -495 930 733 3 433 N/A -608 388 -857 -966 -435 N/A -46 -272 N/A 432 939 N/A 652 629 124 -492 -827 -374 N/A -177 401 404 N/A 132 N/A -834 -273 N/A -164 165 114 N/A -576 -814 -972 N/A -534 -847 354 -883 -757
-739 -627 -70 465 949 N/A -189 344 832 -425 -92 285 N/A 702 574 -792 N/A -100 118 N/A -250 -261 411 N/A 167 N/A -286 -448 N/A 370 N/A -900 N/A -667 N/A -573 983 -38 -663 -559
-681 -155 N/A 689 N/A 791 623 800 -282 -435 N/A 414 590 25 N/A 931 579 -675 N/A -747 -654 N/A 79 574 N/A 469 -525 -881 N/A 366 -350 451 276
938 796 82 675 N/A 883 121 N/A 572 -840 -344 661 744 -899 N/A 110 -833 -404 771 -274 N/A -936 687 N/A -991 -966 N/A -636 454 -47 N/A -74 -197 -429 N/A -36 -287 N/A -328 -702 734 289 -864 625 950 817 N/A -396 N/A -722 N/A 983 -254 N/A 231 N/A 750 -924 N/A 647 624 110 N/A 606 -174 N/A -366 980
-660 -162 N/A -333 -873 N/A 379 -336 N/A -127 -510 -219 N/A -921 N/A -657 594 -716 -389 425 N/A 472 N/A 71 908 -645 N/A -13 241 N/A -95 -534 505 332 502 -679 -106 -367 N/A -917
852 -118 -393 401 214 N/A 803 N/A -558 973 496 -997 739 -268 N/A 529 N/A -132 -816 784 N/A -769 N/A -381 -597 548 N/A -961 -132 N/A 474 -397 -831
-148 -196 37 -401 -60 -278 -667 -421 901 382 272 -594 N/A -683 -740 N/A 783 -781 N/A 791 278 230 N/A -129 -756 -32 N/A 1 -702 N/A -337 N/A 37 886 -864 N/A 566 -941 N/A -115 N/A 407 362 -692 903 N/A 176 160 -822 -567 N/A 315 N/A -853 -19
-698 N/A -300 N/A -549 843 861 -646 N/A -190 N/A 674 -851 N/A 671 -580 -691 -477 N/A 442 507 N/A -775 505 510 592 845 -631 -828 -645 -681 N/A 331 187 -255 -857 -925 653 138 N/A 808 N/A -477 -491 N/A 159 30 N/A -745 -546 N/A -65 -948 N/A 738 364 -757 113 N/A 217
506 N/A -991 N/A 301 486 N/A 358 596 -371 -331 N/A 97 -534 N/A 123 -504 689 -305 N/A -904 N/A -78 530 -851 -866 -689 -48 -578 147 109 -311 993 N/A 36 -620 N/A 667 -345 167 735 N/A 861 -82 -41 N/A 186 703 -329 884 945 -217 -218 -61 N/A 172 373 -671 N/A 735 N/A 713 N/A 22 -778 N/A 803 N/A -606 -711
-737 566 -704 982 -442 386 N/A 704 487 170 N/A 495 N/A 217 -616 456 N/A 879 -616 N/A 609 -242 620 720 N/A 919 N/A -417 545 821 -228 N/A 123 N/A 73 456 262 85 -858 N/A 369 N/A 222 736 161 N/A 338 -894 -672 -19 -719
-630 -406 161 -366 588 N/A -206 N/A 427 344 N/A 638 N/A -173 -476 N/A 880 -265 172 589 943 -484 -782 496 N/A 36 -472 314 759 N/A 950 -270 -968 N/A 584 548 226 N/A 478 N/A 737 122 650 -614 917 N/A 177 N/A -488
-550 N/A 941 -349 -370 -574 N/A 910 N/A 202 N/A 590 N/A 594 274 321 837 640 479 N/A 356 -139 N/A 753 530 N/A -220 222 N/A 946 734 292 160 566 693 N/A 336 410 661 N/A 773 -601 -15 N/A 976 702 563 -430 -668 778 -884 N/A 768
241 -746 59 N/A -450 N/A -585 94 498 N/A -809 373 N/A 142 N/A 707 -490 270 -787 N/A 89 N/A 923 947 944 N/A -521 114 653 -592 725 203 -422 -648 N/A 427 666 -951 -950 -720 82 N/A -838 N/A -493 785 N/A 474 N/A -154 -49 -63 -217 N/A -745 163 N/A -948 N/A -183 N/A 824 -632 -306 -970 N/A -13 -279 356 -85 -977 88 126 -954
-793 303 937 N/A 112 -184 136 -524 -435 N/A -122 N/A -534 -236 675 84 N/A 461 N/A 793 -364 136 710 85 N/A -503 586 873 -944 -437 447 N/A -631 N/A -293 444 426 -975 N/A -11 N/A -547
354 195 652 43 629 N/A -482 -440 N/A 640 854 N/A -492 N/A 896 N/A -951 885 634 805 -580 537 N/A 644 -773
-466 -598 -494 -942 -333 -95 341 215 -892 -508 N/A -516 150 N/A 81 -855 500 -954 N/A -754 143 704 828 N/A 697 N/A 742 857 414 N/A 598 N/A -873 N/A 368 445 N/A 540
785 304 343 -520 618 401 -531 N/A -338 156 N/A 342 -641 -403 N/A 471 931 168 344 N/A -324 N/A 354 N/A 656 N/A 633 -64 -444 N/A 480 N/A -843 -856 764 -360 -356 202 -574 28 N/A 4 N/A 540 826 -498
821 -796 -359 N/A -627 N/A 112 N/A -40 N/A -773 952 -38 380 -183 N/A 526 -124 -638 N/A -297 564 -842 -272 272 N/A -224 N/A 561 592 981 243
515 -699 82 7 N/A 179 N/A -431 N/A 271 -138 353 N/A 684 -362 954 -654 805 802 -112 N/A -261 280 N/A -23 -481 235 N/A 838 122 -293 248 N/A 528 -790 N/A 929 959 494 N/A -20 -710 N/A 789 128 N/A 821 -810 N/A -859 661 90 679
-953 -970 296 N/A -443 475 -274 N/A -926 228 369 -959 -983 N/A -856 N/A -902 N/A 307 71 N/A 132 -360 890 N/A -887 -536 -458 725
712 N/A 535 -641 -8 N/A 888 411 N/A 561 -524 N/A 872 N/A 145 897 889 N/A -459 -947 882 -684 610 242 -772 258
-988 -949 -742 -108 N/A 358 N/A 363 -240 878 N/A 792 95 N/A 679 -524 -955 916 701 N/A 90 874 354 161 N/A 148 928 N/A 287 -325 205 N/A 551